07130 07131 07132 07133 07134 12030 12031 12032 12033 12034 
07135 07136 07137 07120 07121 12035 12036 12037 12020 12021
07122 07123 07124 07125 07126 12022 12023 12024 12025 12026
07127 07110 07111 07112 07113 12027 12010 12011 12012 12013
07114 07115 07116 07117 07101 12014 12015 12016 12017 12001
08030 08031 08032 08033 08034 99999 99999 99999 99999 99999
08035 08036 08037 08020 08021 99999 99999 99999 99999 99999
08022 08023 08024 08025 08026 99999 99999 99999 99999 99999
08027 08010 08011 08012 08013 99999 99999 99999 99999 99999
08014 08015 08016 08017 08001 99999 99999 99999 99999 99999
